$ANSIBLE_VAULT;1.1;AES256
35653639656230663361363333353761623639306337626537343461323537633836666235393038
3231656339353034616531333837376466306464626239350a363837616530616165363332346132
62623739353536363965366132656564653638373038653063636166366666373237656638393361
3435643262316665350a313261353666383834386237393232393865633738326132643333326265
31353732616332353132326464363264353634313065306563616561653536653539346635643931
61333166616464316262353233613239386566663432376638616466363237396539353265363234
65313631643832333437623361613264363331383161306163373165393164393333666561396430
65336361393130363965303262626664616330626235616635646535613265336237343233306562
32306638366466373863653261323234613031326635623664353931623333616261636138653263
32396364666563373666396136616266633435656665626534653136386335343935653130666561
37303234343839656639643336643566646231326664363966346135393632316362616166376163
39383337353035373065356439333336303631363866613862363062303832373239666666636330
62343433363335383962333138353639396438366662616566353933633934373135353831616638
33343561343430633230383133653737626436656262373661653437373936633265643639386439
32323331373064373035663564646433386166316330356139373666373833393465363061363433
62666638626438616533303130366234663762303564366362653436373164313935333030363965
34656266653862353665323234613362306336616635623736346236346639396533653266356231
65643730653939336230363032333664663366616139356132343566656164316531613365656138
64363939663761326336383637376237633461623439353462643632303937373632356165623238
30383737336464653036623364363539306131623236396663353731366234653033636238383963
33383465346564663064656634333138636337336537346364636461313133353434393932666132
65396234396632303931376537646532333931366161623765356232666631373737303130356165
66303836346631303830323465393337383964643266626637373131623566623533613966616264
35653932313634343735363031646637316132653038623533373838613936653031313238633133
61626564373262643663633663323035396565643064363361653062336462626233613935613333
66336630336538666662316534656637336532653734613061343363653361663233636436663066
64616338633037643865353238396532323737383837636631373333653466393434353765386339
31663937663030303531313831333432643062613230333930393335373435373766613664636631
63303630303136326166373136626363646263646234376535336561626466376632326231323335
35353239333665366633613764383561376535626261353537303662626534336363636630373636
61366164353337393630346262646530383438663139633035353664356661313335383561616338
30386263366635643932383363343239663938316635633830663662366236346238366665383561
30663062373431636163633537633566623064346430656536363062623362333634623263623361
32636434643135306664333432313233326263636435323262666133646434393665356636326239
65323064653164663464363665643436343465623839376338356633623665383137313161623632
61613866613739333963623532643361303433376639333766333963623934313661616230383232
61313762353663353936633165383866383937323831613864363366386236313765663337383636
66363635643733326235636437313362333033633031343631313332356662393366376331356234
34373063623837613764396133393333613536333632663330356538613462656664643938613831
32336263343262656532643433636233336264626562643661366331373537373137353564646534
31363436356634613338616165666336663739616466353264376438623731646230306237656264
39613966323262373134366237333463386333323163613262623333316238623336616365653236
39613966353264303739626431633831396133626139363134363062343936336162363465613965
64323164316364646531663037663261356231363664643763303035363330393630363363636266
33633131346463633036636434326532376564653331346464663263383239656634653731616330
35323266386335393264366632326535653738383434363165643762326238323031636362353331
33326135323964363335636661316132333930393034323030613831376430306638623066653032
37663363343163656466653735363637336364323836613436396164313038333465303737616436
33336236636161666331623163386165613966616662653434366161356164613831646433313239
30393331383065333161636165373935353238353735626563313465656132386663336264373534
32393765656337353837373535663732653433643164646338333866393939326564626464623239
37396461353566303664653332316431626338313737353936363361383666373236346239316637
65393863626133366336643862396433636431373136363633643534303065313533633664636665
32333863383837393233623663306533356632623739643939396430646331663436333433616332
62343034643561356364313038653831316434636361333032343265333733373561323535633839
31393938373532353434616666643866653034646164643661393136653866376534626334333930
35396565633762333130393435306462616434616663343032633133396535656661626338326461
39323134663230653231373339333566343831343431383363666665343339633932333635386161
38646635636261656163653461343434356637643334346334356137633863333464306231386138
32613839356130653031343433666339376130313064333238313236313737633735613034366630
32303965316164366236353136636663653064356235646265326339643365646338366161346136
35343661623332343137356661616362316531663934316637383736306538393633633766343138
37303833643435373133343930383866396363613536326664623131663233343333643666616530
38373937386330663230323036386230303537383332633639353835343235653134343165646637
35623432613165383035353633623865316236336337343935613530396366376330316162643635
37616431346162393231643065383835656237343633643737663139336639616563366363663034
30646662613566656563343664666266353163343934383535636635316138666137393364326234
36356164356464373638656262323064336262363830663164646230623833623064383032336463
32656537633530383838343532663261316365363831376335616530666530346464653564663031
35346336646331346465633236623533643231333762373462653738353961376438643830313132
63313737313066333064366338636536613366653234323962333136333438323664653839623962
32316338636566623438303937636664373036336163636537646265653862366363626561393531
37613837623865623033656163303563343631343334343934333663343034373163303439323233
33313430386135343766373733313262343162326363326230313466376538323266643137323335
31343064336239616639613262616365346565623131613835643837356466666537626239343630
39663166633164646230343166626163393239323166393334626366626536653236386665343665
34653436626237643930613363343539383139313839636662373232343933636439636334303036
31633333366632386366396562366432373566646632616165383336643932373731316537306332
34333537343532386332353863303932306463343230316462616639636232346633346237306663
39336335336562363835613639366461636439336161393937303561383366666261656263316661
66373239656564623630333964363064363437333832613265363066376136396531646537383063
64333432373233326231623335343331613831376136373733373063633963633335656335346233
32383935306439303165656165393432636435616231383533666564653837646136646262353037
33663036616333363339353931333166326431616538336363353832623339653164313065393761
33333331636438316236306633323735323331626561663233376661653761623866643834653766
31313035393436376538626531383235343237383336343163623538303639313434393636656161
30663633333731366263383039343435316666353931386331616161396435386431306137626635
65313864373465623332323734646533616266646666356465643232373831343233356138613331
63336630616135356663393839383264326364393766363238316262336334363862306530313462
37313533366239333137396638616137343030326234613361633465633666396439633931366465
36386334386531393161336332613535306434393434373739626266623031333734306563396538
61613738346339656232363865643237636464623135376138653962643339623464363932623333
64323066376430326130363963333635633139616435333037343164646565333534386639663766
66343934623864646335656665353936633537666433363665656136323861343266356439663763
34643932393763353134363030393363333365663663336462393132323830663633333461313635
33656662303232623736613664626565383365646661663762643962383035613131353837386464
34646637386664366139616361333262333239386431336432613966613265383861663634613136
35646332633935663763633838353534306264333737653338643834373264353835343231313262
65373031656133623036316633616462663032343864636366393162383833666265316435373832
37373264643833326333653038333430356663636462323261363061303738306261376461373063
66363839313037613861386466313838353963663032313339316631653036363063663232666438
34656262336438363238346561393031393739633436653161376266386637393638333037376437
64613136643537396639343963633234393836613230636532383130323361396237616636326363
66616436333866646364363332393562396661306664656637366363306339323666653639316539
65666137303437393230383734306238333964633834643939653262333530373933663038386465
33643436353137663635306461326163633335393138376231636137663861646230646663346364
63363936386265313139636237386336636238393561323766623263383331316334386261313465
63613061363039346463316666396539666265323662303134363333643165633062633231666633
34313733373961626634386633623562303537343964643064386630646636653031653134656664
36393761643637656132363762333432333036316636636131356563346534303132396439363433
38306236623038333839386539666261343363616431356464303465346364373963353630353066
36646261336531376639346338643834353239353864323639636130386638353639666433373363
63373235613932396332643034333336373539336665313738336434643934313761383532636634
39313232626437386134653334386366383838666464646466653138313130663138626438653366
63393063363237356138613661366138323834636433323361366364383938383162653964386539
66633232323939323533633236623236633861643364376238316166353633613163326537363436
32643233663466366661366366353834663738306434386634346665653733663034396365363962
30343636303233653632636631333030306561386163373039313636393237333936353534613365
34383036656632646235623437653032393062343837643163333161323438353364653064323862
61336532663338636133356231626335393234383535303161363333313435383839663837636336
34366631343066303537663438386136336533343461633136363434383062343461656266303164
34373663656162653264383136333864353335313431613961386337346135363433356532396232
32656661343930373639386135343633376266653539623238636238633131653031353032363061
35383530663736363030643966666238613861356264313636383933643338613063633039616266
63306565623763653632663230633134343666393239316566393163656165643065303663636132
37373037363637643166316565303463646237353761323566616562393632323337663639383930
61386262393332666266633539326462393762373138366236666431333863653539666139646437
35323536346263343461633264316538353036646661353161356230396433656231333161313064
33383333376565626563326637646364376566616365633762343132633663343064663331313761
64666661633764616531353636343366363764356530663536346430313165323432663537313064
34666564636666356330373032343333636562633735376162666330306235336133303834616436
66633062393762383330316632306161363232393736653839663936646631326530346461613161
66303337333032333334346139336237346633623465626363333533313136633135
